  i                 x,y         f(x,y)   (s1,s2)    lambdax2-x1, y2-y1, f2-f1     angle       grad, H1
  1       -10,      -11            221
  2   11.9998,  12.9998        220.991
  3  -9.99934, -10.9993        220.973
  4   11.9987,  12.9986        220.947
  5   -9.9978, -10.9976        220.912
  6   11.9967,  12.9964        220.867
  7  -9.99538,  -10.995        220.814
  8   11.9938,  12.9933        220.753
  9  -9.99208, -10.9914        220.682
 10   11.9901,  12.9892        220.603
 11  -9.98791, -10.9868        220.514
 12   11.9855,  12.9842        220.417
 13  -9.98285, -10.9813        220.312
 14     11.98,  12.9782        220.197
 15  -9.97692, -10.9748        220.074
 16   11.9736,  12.9712        219.942
 17  -9.97012, -10.9674        219.801
 18   11.9664,  12.9633        219.652
 19  -9.96244,  -10.959        219.493
 20   11.9583,  12.9545        219.327
 21  -9.95389, -10.9497        219.151
 22   11.9493,  12.9447        218.967
 23  -9.94448, -10.9394        218.775
 24   11.9394,  12.9339        218.573
 25  -9.93419, -10.9282        218.364
 26   11.9287,  12.9222        218.145
 27  -9.92304,  -10.916        217.919
 28   11.9171,  12.9096        217.683
 29  -9.91103, -10.9029         217.44
 30   11.9047,   12.896        217.187
 31  -9.89816, -10.8889        216.927
 32   11.8914,  12.8815        216.658
 33  -9.88444, -10.8739        216.381
 34   11.8773,  12.8661        216.095
 35  -9.86986,  -10.858        215.802
 36   11.8623,  12.8497          215.5
 37  -9.85443, -10.8412         215.19
 38   11.8464,  12.8324        214.871
 39  -9.83816, -10.8234        214.545
 40   11.8297,  12.8142         214.21
 41  -9.82105, -10.8048        213.868
 42   11.8122,  12.7951        213.517
 43  -9.80309, -10.7852        213.159
 44   11.7938,  12.7751        212.792
 45  -9.78431, -10.7647        212.418
 46   11.7746,  12.7541        212.036
 47   -9.7647, -10.7433        211.646
 48   11.7546,  12.7323        211.249
 49  -9.74426,  -10.721        210.843
 50   11.7337,  12.7095         210.43
 51    -9.723, -10.6978         210.01
 52   11.7121,  12.6859        209.582
 53  -9.70093, -10.6737        209.146
 54   11.6896,  12.6614        208.703
 55  -9.67804, -10.6488        208.253
 56   11.6663,   12.636        207.795
 57  -9.65436, -10.6229         207.33
 58   11.6422,  12.6097        206.857
 59  -9.62987, -10.5962        206.378
 60   11.6173,  12.5825        205.891
 61   -9.6046, -10.5687        205.398
 62   11.5917,  12.5545        204.897
 63  -9.57853, -10.5402        204.389
 64   11.5652,  12.5257        203.875
 65  -9.55169, -10.5109        203.353
 66    11.538,   12.496        202.825
 67  -9.52407, -10.4808         202.29
 68     11.51,  12.4654        201.748
 69  -9.49569, -10.4498          201.2
 70   11.4812,   12.434        200.646
 71  -9.46654,  -10.418        200.084
 72   11.4517,  12.4018        199.517
 73  -9.43664, -10.3854        198.943
 74   11.4214,  12.3688        198.362
 75  -9.40599,  -10.352        197.776
 76   11.3904,   12.335        197.183
 77   -9.3746, -10.3177        196.584
 78   11.3586,  12.3003         195.98
 79  -9.34247, -10.2827        195.369
 80   11.3261,  12.2649        194.752
 81  -9.30962, -10.2469         194.13
 82   11.2929,  12.2286        193.502
 83  -9.27605, -10.2102        192.868
 84    11.259,  12.1916        192.228
 85  -9.24177, -10.1728        191.583
 86   11.2244,  12.1539        190.933
 87  -9.20679, -10.1347        190.277
 88    11.189,  12.1153        189.615
 89  -9.17111, -10.0958        188.949
 90    11.153,   12.076        188.277
 91  -9.13475, -10.0561          187.6
 92   11.1163,   12.036        186.918
 93  -9.09771, -10.0157        186.231
 94   11.0789,  11.9952        185.539
 95     -9.06, -9.97454        184.843
 96   11.0409,  11.9537        184.141
 97  -9.02162, -9.93268        183.435
 98   11.0022,  11.9115        182.725
 99  -8.98259,  -9.8901        182.009
100   10.9628,  11.8685         181.29
101  -8.94292, -9.84682        180.566
102   10.9228,  11.8249        179.837
103  -8.90261, -9.80285        179.105
104   10.8822,  11.7806        178.368
105  -8.86168,  -9.7582        177.627
106    10.841,  11.7356        176.882
107  -8.82013, -9.71287        176.133
108   10.7991,    11.69        175.381
109  -8.77797, -9.66688        174.624
110   10.7567,  11.6436        173.864
111  -8.73521, -9.62023          173.1
112   10.7136,  11.5967        172.333
113  -8.69187, -9.57295        171.562
114     10.67,  11.5491        170.788
115  -8.64794, -9.52503        170.011
116   10.6258,  11.5008         169.23
117  -8.60344, -9.47648        168.446
118    10.581,   11.452        167.659
119  -8.55839, -9.42733        166.869
120   10.5357,  11.4025        166.076
121  -8.51278, -9.37758        165.281
122   10.4898,  11.3525        164.482
123  -8.46663, -9.32723        163.681
124   10.4434,  11.3018        162.877
125  -8.41995, -9.27631        162.071
126   10.3964,  11.2506        161.262
127  -8.37275, -9.22482        160.451
128    10.349,  11.1989        159.637
129  -8.32504, -9.17277        158.821
130    10.301,  11.1465        158.003
131  -8.27683, -9.12018        157.183
132   10.2525,  11.0937        156.361
133  -8.22813, -9.06705        155.537
134   10.2036,  11.0403        154.712
135  -8.17895,  -9.0134        153.884
136   10.1542,  10.9864        153.055
137   -8.1293, -8.95924        152.224
138   10.1043,   10.932        151.391
139   -8.0792, -8.90458        150.557
140    10.054,  10.8771        149.722
141  -8.02864, -8.84943        148.885
142   10.0032,  10.8217        148.047
143  -7.97765,  -8.7938        147.208
144   9.95199,  10.7658        146.368
145  -7.92622,  -8.7377        145.527
146   9.90036,  10.7095        144.684
147  -7.87439, -8.68115        143.841
148   9.84832,  10.6527        142.997
149  -7.82214, -8.62416        142.153
150   9.79587,  10.5955        141.307
151  -7.76951, -8.56673        140.461
152   9.74304,  10.5379        139.615
153  -7.71648, -8.50889        138.768
154   9.68983,  10.4798        137.921
155  -7.66309, -8.45064        137.073
156   9.63625,  10.4214        136.225
157  -7.60933, -8.39199        135.377
158   9.58231,  10.3625        134.529
159  -7.55522, -8.33296        133.681
160   9.52803,  10.3033        132.833
161  -7.50076, -8.27356        131.984
162   9.47341,  10.2437        131.137
163  -7.44598,  -8.2138        130.289
164   9.41847,  10.1838        129.441
165  -7.39088, -8.15369        128.594
166   9.36321,  10.1235        127.748
167  -7.33547, -8.09324        126.902
168   9.30765,  10.0629        126.056
169  -7.27976, -8.03247        125.211
170    9.2518,   10.002        124.367
171  -7.22377, -7.97138        123.523
172   9.19567,  9.94073         122.68
173   -7.1675,    -7.91        121.839
174   9.13926,  9.87919        120.998
175  -7.11096, -7.84832        120.158
176    9.0826,  9.81738        119.319
177  -7.05417, -7.78637        118.481
178   9.02569,  9.75529        117.644
179  -6.99714, -7.72415        116.809
180   8.96853,  9.69295        115.975
181  -6.93987, -7.66168        115.142
182   8.91116,  9.63035        114.311
183  -6.88239, -7.59897        113.481
184   8.85356,  9.56752        112.652
185  -6.82469, -7.53602        111.826
186   8.79576,  9.50447            111
187  -6.76679, -7.47286        110.177
188   8.73777,   9.4412        109.355
189   -6.7087, -7.40949        108.535
190   8.67959,  9.37774        107.717
191  -6.65044, -7.34593          106.9
192   8.62124,  9.31408        106.086
193    -6.592, -7.28218        105.274
194   8.56272,  9.25025        104.463
195  -6.53341, -7.21827        103.655
196   8.50406,  9.18624        102.849
197  -6.47467, -7.15419        102.045
198   8.44525,  9.12209        101.243
199   -6.4158, -7.08996        100.444
200   8.38631,  9.05779        99.6465
201  -6.35679, -7.02559        98.8517
202   8.32725,  8.99336        98.0593
203  -6.29768,  -6.9611        97.2694
204   8.26808,  8.92881        96.4819
205  -6.23845,  -6.8965        95.6971
206   8.20881,  8.86415        94.9147
207  -6.17914, -6.83179        94.1351
208   8.14945,   8.7994         93.358
209  -6.11973, -6.76698        92.5837
210   8.09001,  8.73455        91.8121
211  -6.06026,  -6.7021        91.0433
212    8.0305,  8.66963        90.2773
213  -6.00072, -6.63715        89.5142
214   7.97093,  8.60465         88.754
215  -5.94112, -6.57213        87.9967
216   7.91131,  8.53961        87.2423
217  -5.88148, -6.50707         86.491
218   7.85165,  8.47453        85.7427
219  -5.82181, -6.44197        84.9975
220   7.79196,  8.40941        84.2553
221  -5.76211, -6.37685        83.5163
222   7.73225,  8.34428        82.7805
223   -5.7024,  -6.3117        82.0478
224   7.67254,  8.27913        81.3184
225  -5.64268, -6.24656        80.5922
226   7.61282,  8.21398        79.8693
227  -5.58296, -6.18141        79.1497
228   7.55311,  8.14885        78.4335
229  -5.52326, -6.11628        77.7206
230   7.49342,  8.08373        77.0111
231  -5.46358, -6.05118        76.3051
232   7.43375,  8.01864        75.6025
233  -5.40394, -5.98611        74.9033
234   7.37413,   7.9536        74.2076
235  -5.34433, -5.92109        73.5155
236   7.31455,   7.8886        72.8269
237  -5.28478, -5.85612        72.1418
238   7.25502,  7.82366        71.4603
239  -5.22529, -5.79122        70.7824
240   7.19556,   7.7588        70.1082
241  -5.16586, -5.72639        69.4376
242   7.13618,  7.69401        68.7706
243  -5.10651, -5.66165        68.1073
244   7.07687,  7.62932        67.4477
245  -5.04725,   -5.597        66.7918
246   7.01766,  7.56472        66.1397
247  -4.98809, -5.53246        65.4912
248   6.95854,  7.50023        64.8466
249  -4.92902, -5.46803        64.2057
250   6.89953,  7.43586        63.5686
251  -4.87007, -5.40372        62.9353
252   6.84064,  7.37161        62.3058
253  -4.81124, -5.33954        61.6801
254   6.78187,   7.3075        61.0582
255  -4.75254,  -5.2755        60.4402
256   6.72324,  7.24353        59.8261
257  -4.69397, -5.21161        59.2158
258   6.66474,  7.17972        58.6094
259  -4.63555, -5.14787        58.0069
260    6.6064,  7.11607        57.4083
261  -4.57728, -5.08431        56.8136
262   6.54821,  7.05259        56.2227
263  -4.51917, -5.02091        55.6358
264   6.49018,  6.98929        55.0529
265  -4.46123,  -4.9577        54.4738
266   6.43232,  6.92617        53.8987
267  -4.40346, -4.89468        53.3275
268   6.37464,  6.86325        52.7602
269  -4.34587, -4.83186        52.1969
270   6.31715,  6.80053        51.6375
271  -4.28848, -4.76925        51.0821
272   6.25985,  6.73802        50.5306
273  -4.23128, -4.70685         49.983
274   6.20275,  6.67573        49.4394
275  -4.17428, -4.64467        48.8998
276   6.14586,  6.61367        48.3641
277   -4.1175, -4.58272        47.8324
278   6.08918,  6.55184        47.3046
279  -4.06093, -4.52101        46.7808
280   6.03273,  6.49025        46.2609
281  -4.00458, -4.45955        45.7449
282    5.9765,  6.42891        45.2329
283  -3.94847, -4.39833        44.7248
284    5.9205,  6.36782        44.2207
285  -3.89259, -4.33737        43.7205
286   5.86474,  6.30699        43.2242
287  -3.83696, -4.27668        42.7318
288   5.80923,  6.24643        42.2433
289  -3.78157, -4.21626        41.7588
290   5.75397,  6.18615        41.2781
291  -3.72644, -4.15612        40.8014
292   5.69897,  6.12615        40.3285
293  -3.67157, -4.09626        39.8596
294   5.64423,  6.06644        39.3944
295  -3.61697, -4.03669        38.9332
296   5.58977,  6.00702        38.4758
297  -3.56263, -3.97742        38.0223
298   5.53557,   5.9479        37.5726
299  -3.50858, -3.91845        37.1267
300   5.48166,  5.88908        36.6847
301  -3.45481, -3.85979        36.2464
302   5.42803,  5.83058         35.812
303  -3.40133, -3.80145        35.3813
304   5.37469,  5.77239        34.9544
305  -3.34814, -3.74342        34.5313
306   5.32165,  5.71453         34.112
307  -3.29524, -3.68572        33.6963
308   5.26891,    5.657        33.2845
309  -3.24266, -3.62835        32.8763
310   5.21648,  5.59979        32.4718
311  -3.19038, -3.57132         32.071
312   5.16435,  5.54293        31.6739
313  -3.13841, -3.51462        31.2805
314   5.11254,  5.48641        30.8907
315  -3.08675, -3.45828        30.5045
316   5.06105,  5.43023        30.1219
317  -3.03542, -3.40228         29.743
318   5.00988,  5.37441        29.3677
319  -2.98442, -3.34664        28.9959
320   4.95904,  5.31895        28.6276
321  -2.93374, -3.29135         28.263
322   4.90852,  5.26384        27.9018
323  -2.88339, -3.23643        27.5442
324   4.85835,  5.20911          27.19
325  -2.83338, -3.18187        26.8393
326   4.80851,  5.15474        26.4921
327  -2.78372, -3.12769        26.1483
328   4.75901,  5.10074         25.808
329  -2.73439, -3.07388        25.4711
330   4.70986,  5.04712        25.1375
331  -2.68542, -3.02045        24.8073
332   4.66106,  4.99388        24.4805
333  -2.63679, -2.96741         24.157
334   4.61261,  4.94103        23.8368
335  -2.58852, -2.91475          23.52
336   4.56451,  4.88856        23.2064
337   -2.5406, -2.86247        22.8961
338   4.51678,  4.83648         22.589
339  -2.49304, -2.81059        22.2851
340    4.4694,   4.7848        21.9845
341  -2.44585, -2.75911         21.687
342   4.42239,  4.73351        21.3927
343  -2.39902, -2.70802        21.1015
344   4.37574,  4.68263        20.8135
345  -2.35256, -2.65733        20.5286
346   4.32946,  4.63214        20.2467
347  -2.30646, -2.60705         19.968
348   4.28356,  4.58206        19.6923
349  -2.26074, -2.55717        19.4196
350   4.23802,  4.53239        19.1499
351  -2.21539,  -2.5077        18.8832
352   4.19286,  4.48312        18.6195
353  -2.17042, -2.45864        18.3587
354   4.14808,  4.43427        18.1008
355  -2.12583,    -2.41        17.8459
356   4.10368,  4.38583        17.5938
357  -2.08162, -2.36176        17.3446
358   4.05965,   4.3378        17.0982
359  -2.03779, -2.31395        16.8547
360   4.01601,   4.2902         16.614
361  -1.99434, -2.26655         16.376
362   3.97276,  4.24301        16.1408
363  -1.95127, -2.21957        15.9084
364   3.92989,  4.19624        15.6786
365  -1.90859, -2.17301        15.4516
366    3.8874,  4.14989        15.2272
367   -1.8663, -2.12688        15.0055
368    3.8453,  4.10397        14.7864
369   -1.8244, -2.08116          14.57
370   3.80359,  4.05847        14.3561
371  -1.78289, -2.03588        14.1448
372   3.76227,  4.01339        13.9361
373  -1.74176, -1.99101        13.7299
374   3.72135,  3.96874        13.5262
375  -1.70103, -1.94658        13.3249
376   3.68081,  3.92452        13.1262
377  -1.66069, -1.90257        12.9299
378   3.64066,  3.88072         12.736
379  -1.62074, -1.85899        12.5445
380   3.60091,  3.83736        12.3554
381  -1.58118, -1.81583        12.1687
382   3.56155,  3.79442        11.9843
383  -1.54202, -1.77311        11.8022
384   3.52258,  3.75191        11.6224
385  -1.50324, -1.73081        11.4449
386   3.48401,  3.70982        11.2697
387  -1.46487, -1.68895        11.0967
388   3.44583,  3.66817        10.9259
389  -1.42688, -1.64751        10.7573
390   3.40804,  3.62695        10.5909
391  -1.38929,  -1.6065        10.4267
392   3.37064,  3.58616        10.2645
393  -1.35209, -1.56592        10.1045
394   3.33364,  3.54579        9.94662
395  -1.31529, -1.52577        9.79079
396   3.29703,  3.50586        9.63701
397  -1.27888, -1.48605        9.48526
398   3.26082,  3.46635        9.33553
399  -1.24286, -1.44676        9.18779
400     3.225,  3.42727        9.04203
401  -1.20723, -1.40789        8.89822
402   3.18957,  3.38862        8.75635
403    -1.172, -1.36945        8.61639
404   3.15453,  3.35039        8.47833
405  -1.13715, -1.33144        8.34215
406   3.11988,  3.31259        8.20782
407   -1.1027, -1.29385        8.07534
408   3.08562,  3.27522        7.94467
409  -1.06863, -1.25669         7.8158
410   3.05175,  3.23827        7.68872
411  -1.03496, -1.21995        7.56339
412   3.01826,  3.20174        7.43982
413  -1.00167, -1.18364        7.31796
414   2.98517,  3.16564        7.19781
415 -0.968763, -1.14774        7.07936
416   2.95246,  3.12995        6.96257
417 -0.936245, -1.11227        6.84743
418   2.92013,  3.09469        6.73393
419 -0.904112, -1.07721        6.62204
420   2.88819,  3.05984        6.51175
421 -0.872361, -1.04258        6.40304
422   2.85663,  3.02541        6.29589
423 -0.840992, -1.00835        6.19028
424   2.82545,   2.9914        6.08621
425 -0.810003,-0.974548        5.98364
426   2.79465,   2.9578        5.88256
427 -0.779392,-0.941155        5.78296
428   2.76423,  2.92461        5.68482
429 -0.749159,-0.908173        5.58812
430   2.73418,  2.89184        5.49284
431 -0.719301,-0.875601        5.39897
432   2.70451,  2.85947        5.30649
433 -0.689817,-0.843437        5.21539
434   2.67521,  2.82751        5.12564
435 -0.660706,-0.811679        5.03723
436   2.64629,  2.79595        4.95016
437 -0.631964,-0.780325        4.86439
438   2.61773,   2.7648        4.77991
439 -0.603592,-0.749373        4.69672
440   2.58954,  2.73405        4.61478
441 -0.575585,-0.718821         4.5341
442   2.56172,  2.70369        4.45464
443 -0.547944,-0.688666         4.3764
444   2.53426,  2.67374        4.29937
445 -0.520666,-0.658908        4.22352
446   2.50716,  2.64418        4.14884
447 -0.493748,-0.629543        4.07532
448   2.48042,  2.61501        4.00294
449 -0.467188,-0.600569        3.93168
450   2.45404,  2.58623        3.86154
451 -0.440985,-0.571984         3.7925
452   2.42802,  2.55784        3.72455
453 -0.415137,-0.543785        3.65766
454   2.40234,  2.52983        3.59183
455  -0.38964,-0.515971        3.52705
456   2.37702,  2.50221        3.46329
457 -0.364493,-0.488538        3.40055
458   2.35205,  2.47496        3.33881
459 -0.339693,-0.461484        3.27807
460   2.32742,   2.4481        3.21829
461 -0.315239,-0.434806        3.15948
462   2.30314,  2.42161        3.10162
463 -0.291127,-0.408502         3.0447
464    2.2792,  2.39549         2.9887
465 -0.267355,-0.382569        2.93362
466    2.2556,  2.36974        2.87943
467 -0.243921,-0.357005        2.82613
468   2.23233,  2.34436        2.77371
469 -0.220822,-0.331806        2.72215
470    2.2094,  2.31934        2.67144
471 -0.198056, -0.30697        2.62157
472    2.1868,  2.29469        2.57252
473  -0.17562,-0.282494         2.5243
474   2.16452,  2.27039        2.47687
475 -0.153511,-0.258375        2.43025
476   2.14258,  2.24645         2.3844
477 -0.131727,-0.234611        2.33932
478   2.12096,  2.22286        2.29501
479 -0.110265,-0.211198        2.25144
480   2.09965,  2.19962        2.20861
481-0.0891226,-0.188134        2.16651
482   2.07867,  2.17673        2.12512
483-0.0682969,-0.165415        2.08445
484     2.058,  2.15418        2.04447
485-0.0477852,-0.143038        2.00517
486   2.03765,  2.13198        1.96655
487-0.0275847,-0.121002         1.9286
488    2.0176,  2.11011         1.8913
489-0.00769272,-0.0993011        1.85466
490   1.99786,  2.08858        1.81864
491 0.0118937,-0.0779342        1.78326
492   1.97843,  2.06737        1.74849
493 0.0311773,-0.0568975        1.71433
494   1.95929,   2.0465        1.68078
495 0.0501609,-0.0361881        1.64781
496   1.94046,  2.02596        1.61542
497 0.0688474,-0.0158028        1.58361
498   1.92192,  2.00573        1.55236
499 0.0872397,0.00426149        1.52167
500   1.90367,  1.98583        1.49152
501  0.105341, 0.024008        1.46192
502   1.88572,  1.96624        1.43284
503  0.123153,0.0434398        1.40428
504   1.86805,  1.94696        1.37624
505   0.14068,  0.06256         1.3487
506   1.85066,    1.928        1.32167
507  0.157924, 0.081372        1.29512
508   1.83356,  1.90934        1.26905
509  0.174889,0.0998788        1.24346
510   1.81673,  1.89098        1.21834
511  0.191577, 0.118084        1.19367
512   1.80018,  1.87293        1.16946
513  0.207991,  0.13599        1.14569
514    1.7839,  1.85517        1.12236
515  0.224134, 0.153601        1.09946
516    1.7679,   1.8377        1.07699
517  0.240009, 0.170919        1.05493
518   1.75215,  1.82053        1.03328
519  0.255619, 0.187948        1.01204
520   1.73667,  1.80364       0.991191
521  0.270968, 0.204692       0.970735
522   1.72146,  1.78704       0.950662
523  0.286057, 0.221153       0.930967
524   1.70649,  1.77072       0.911643
525   0.30089, 0.237335       0.892684
526   1.69179,  1.75468       0.874085
527   0.31547,  0.25324       0.855839
528   1.67733,  1.73891       0.837939
529    0.3298, 0.268873       0.820382
530   1.66313,  1.72341       0.803159
531  0.343882, 0.284235       0.786267
532   1.64917,  1.70818       0.769699
533  0.357721, 0.299332        0.75345
534   1.63545,  1.69322       0.737514
535  0.371318, 0.314165       0.721887
536   1.62197,  1.67852       0.706562
537  0.384677, 0.328738       0.691534
538   1.60873,  1.66407       0.676799
539    0.3978, 0.343054       0.662351
540   1.59573,  1.64988       0.648186
541  0.410691, 0.357117       0.634298
542   1.58295,  1.63595       0.620683
543  0.423352, 0.370929       0.607335
544    1.5704,  1.62226       0.594251
545  0.435787, 0.384495       0.581425
546   1.55808,  1.60881       0.568853
547  0.447998, 0.397815        0.55653
548   1.54598,  1.59561       0.544453
549  0.459988, 0.410896       0.532616
550    1.5341,  1.58265       0.521016
551   0.47176, 0.423738       0.509648
552   1.52244,  1.56993       0.498507
553  0.483317, 0.436346       0.487591
554   1.51098,  1.55744       0.476895
555  0.494662, 0.448722       0.466414
556   1.49974,  1.54518       0.456145
557  0.505797,  0.46087       0.446085
558   1.48871,  1.53314       0.436229
559  0.516726, 0.472792       0.426573
560   1.47789,  1.52133       0.417115
561  0.527451, 0.484493       0.407849
562   1.46726,  1.50974       0.398774
563  0.537976, 0.495974       0.389885
564   1.45684,  1.49837       0.381178
565  0.548302, 0.507239       0.372651
566   1.44661,  1.48721         0.3643
567  0.558434, 0.518291       0.356122
568   1.43657,  1.47626       0.348114
569  0.568372, 0.529133       0.340272
570   1.42673,  1.46552       0.332593
571  0.578121, 0.539768       0.325074
572   1.41707,  1.45499       0.317713
573  0.587683,   0.5502       0.310506
574   1.40761,  1.44466        0.30345
575  0.597061,  0.56043       0.296542
576   1.39832,  1.43453        0.28978
577  0.606257, 0.570462       0.283161
578   1.38921,   1.4246       0.276682
579  0.615274, 0.580299        0.27034
580   1.38028,  1.41486       0.264133
581  0.624115, 0.589943       0.258058
582   1.37153,  1.40531       0.252113
583  0.632782, 0.599398       0.246295
584   1.36295,  1.39594       0.240601
585  0.641278, 0.608667        0.23503
586   1.35454,  1.38677       0.229578
587  0.649606, 0.617752       0.224244
588   1.34629,  1.37777       0.219025
589  0.657768, 0.626656       0.213919
590   1.33821,  1.36896       0.208923
591  0.665767, 0.635382       0.204036
592   1.33029,  1.36032       0.199255
593  0.673605, 0.643933       0.194578
594   1.32254,  1.35186       0.190004
595  0.681285, 0.652311       0.185529
596   1.31493,  1.34356       0.181153
597  0.688809, 0.660519       0.176873
598   1.30749,  1.33544       0.172686
599   0.69618,  0.66856       0.168593
600   1.30019,  1.32748       0.164589
601  0.703401, 0.676437       0.160674
602   1.29304,  1.31969       0.156846
603  0.710473, 0.684152       0.153104
604   1.28605,  1.31205       0.149444
605  0.717399, 0.691708       0.145866
606   1.27919,  1.30457       0.142368
607  0.724182, 0.699108       0.138948
608   1.27248,  1.29725       0.135605
609  0.730824, 0.706353       0.132337
610   1.26591,  1.29008       0.129142
611  0.737326, 0.713447        0.12602
612   1.25947,  1.28306       0.122968
613  0.743693, 0.720392       0.119985
614   1.25317,  1.27619        0.11707
615  0.749925, 0.727191       0.114221
616   1.24701,  1.26946       0.111437
617  0.756025, 0.733846       0.108717
618   1.24097,  1.26288       0.106058
619  0.761996, 0.740359       0.103461
620   1.23507,  1.25644       0.100923
621  0.767839, 0.746734       0.098443
622   1.22929,  1.25013      0.0960203
623  0.773557, 0.752971      0.0936535
624   1.22363,  1.24396      0.0913414
625  0.779152, 0.759075      0.0890827
626    1.2181,  1.23792      0.0868764
627  0.784626, 0.765047      0.0847213
628   1.21268,  1.23202      0.0826164
629  0.789981, 0.770889      0.0805605
630   1.20738,  1.22624      0.0785527
631   0.79522, 0.776604      0.0765917
632    1.2022,  1.22059      0.0746768
633  0.800344, 0.782193      0.0728067
634   1.19714,  1.21506      0.0709807
635  0.805356, 0.787661      0.0691976
636   1.19218,  1.20965      0.0674567
637  0.810256, 0.793007      0.0657568
638   1.18733,  1.20436      0.0640973
639  0.815049, 0.798235      0.0624771
640   1.18259,  1.19919      0.0608954
641  0.819735, 0.803347      0.0593514
642   1.17796,  1.19414      0.0578441
643  0.824316, 0.808345      0.0563729
644   1.17343,   1.1892      0.0549369
645  0.828795, 0.813231      0.0535353
646     1.169,  1.18437      0.0521674
647  0.833173, 0.818007      0.0508324
648   1.16468,  1.17965      0.0495296
649  0.837452, 0.822675      0.0482582
650   1.16045,  1.17503      0.0470175
651  0.841634, 0.827237      0.0458069
652   1.15631,  1.17052      0.0446257
653  0.845721, 0.831696      0.0434732
654   1.15227,  1.16611      0.0423487
655  0.849714, 0.836052      0.0412517
656   1.14832,  1.16181      0.0401814
657  0.853616, 0.840309      0.0391374
658   1.14447,   1.1576      0.0381189
659  0.857429, 0.844467      0.0371255
660    1.1407,  1.15349      0.0361565
661  0.861153,  0.84853      0.0352113
662   1.13702,  1.14947      0.0342895
663   0.86479, 0.852498      0.0333905
664   1.13342,  1.14555      0.0325138
665  0.868343, 0.856374      0.0316587
666   1.12991,  1.14172       0.030825
667  0.871813,  0.86016       0.030012
668   1.12648,  1.13798      0.0292192
669  0.875202, 0.863856      0.0284462
670   1.12313,  1.13433      0.0276926
671   0.87851, 0.867466      0.0269579
672   1.11986,  1.13076      0.0262416
673  0.881741,  0.87099      0.0255433
674   1.11667,  1.12728      0.0248625
675  0.884895, 0.874431       0.024199
676   1.11356,  1.12388      0.0235522
677  0.887974, 0.877789      0.0229218
678   1.11051,  1.12056      0.0223073
679  0.890979, 0.881068      0.0217084
680   1.10755,  1.11732      0.0211248
681  0.893912, 0.884268       0.020556
682   1.10465,  1.11416      0.0200018
683  0.896775,  0.88739      0.0194617
684   1.10182,  1.11108      0.0189354
685  0.899568, 0.890438      0.0184226
686   1.09906,  1.10807       0.017923
687  0.902294, 0.893411      0.0174362
688   1.09637,  1.10513       0.016962
689  0.904953, 0.896312         0.0165
690   1.09374,  1.10226      0.0160499
691  0.907547, 0.899143      0.0156115
692   1.09118,  1.09947      0.0151844
693  0.910078, 0.901904      0.0147685
694   1.08868,  1.09674      0.0143633
695  0.912547, 0.904597      0.0139687
696   1.08624,  1.09408      0.0135844
697  0.914955, 0.907223      0.0132102
698   1.08386,  1.09149      0.0128457
699  0.917303, 0.909785      0.0124908
700   1.08155,  1.08896      0.0121452
701  0.919592, 0.912283      0.0118086
702   1.07928,  1.08649       0.011481
703  0.921825, 0.914718       0.011162
704   1.07708,  1.08409      0.0108514
705  0.924002, 0.917093       0.010549
706   1.07493,  1.08174      0.0102547
707  0.926124, 0.919408     0.00996813
708   1.07284,  1.07946      0.0096892
709  0.928193, 0.921665      0.0094177
710   1.07079,  1.07723     0.00915344
711  0.930209, 0.923864     0.00889623
712    1.0688,  1.07506     0.00864591
713  0.932174, 0.926008     0.00840228
714   1.06686,  1.07294      0.0081652
715  0.934089, 0.928097     0.00793448
716   1.06497,  1.07088     0.00770998
717  0.935956, 0.930133     0.00749152
718   1.06313,  1.06887     0.00727896
719  0.937774, 0.932117     0.00707215
720   1.06133,  1.06691     0.00687093
721  0.939546,  0.93405     0.00667517
722   1.05959,    1.065     0.00648473
723  0.941272, 0.935933     0.00629947
724   1.05788,  1.06314     0.00611925
725  0.942953, 0.937767     0.00594395
726   1.05622,  1.06133     0.00577344
727   0.94459, 0.939553     0.00560759
728   1.05461,  1.05957     0.00544629
729  0.946185, 0.941293     0.00528942
730   1.05303,  1.05785     0.00513685
731  0.947739, 0.942988     0.00498849
732    1.0515,  1.05618     0.00484422
733  0.949251, 0.944638     0.00470393
734   1.05001,  1.05455     0.00456751
735  0.950724, 0.946244     0.00443488
736   1.04855,  1.05297     0.00430592
737  0.952158, 0.947808     0.00418055
738   1.04714,  1.05143     0.00405866
739  0.953553, 0.949331     0.00394016
740   1.04576,  1.04992     0.00382498
741  0.954912, 0.950813     0.00371301
742   1.04442,  1.04846     0.00360417
743  0.956235, 0.952256     0.00349838
744   1.04312,  1.04704     0.00339556
745  0.957522,  0.95366     0.00329563
746   1.04185,  1.04565     0.00319851
747  0.958774, 0.955027     0.00310413
748   1.04061,   1.0443     0.00301241
749  0.959993, 0.956356     0.00292328
750   1.03941,  1.04299     0.00283668
751  0.961179,  0.95765     0.00275253
752   1.03824,  1.04172     0.00267077
753  0.962333, 0.958909     0.00259133
754    1.0371,  1.04047     0.00251416
755  0.963456, 0.960134     0.00243918
756   1.03599,  1.03927     0.00236635
757  0.964548, 0.961325      0.0022956
758   1.03492,  1.03809     0.00222687
759   0.96561, 0.962483     0.00216011
760   1.03387,  1.03695     0.00209528
761  0.966643,  0.96361      0.0020323
762   1.03285,  1.03584     0.00197114
763  0.967647, 0.964706     0.00191174
764   1.03186,  1.03476     0.00185406
765  0.968624, 0.965772     0.00179804
766    1.0309,  1.03371     0.00174365
767  0.969574, 0.966808     0.00169084
768   1.02996,  1.03268     0.00163955
769  0.970497, 0.967815     0.00158976
770   1.02905,  1.03169     0.00154142
771  0.971395, 0.968794     0.00149449
772   1.02817,  1.03073     0.00144893
773  0.972268, 0.969746      0.0014047
774   1.02731,  1.02979     0.00136177
775  0.973116, 0.970672      0.0013201
776   1.02647,  1.02888     0.00127965
777   0.97394, 0.971571     0.00124038
778   1.02566,  1.02799     0.00120228
779  0.974741, 0.972445      0.0011653
780   1.02487,  1.02713     0.00112941
781  0.975519, 0.973294     0.00109458
782    1.0241,  1.02629     0.00106078
783  0.976276, 0.974119     0.00102799
784   1.02335,  1.02548    0.000996169
785  0.977011, 0.974921    0.000965294
786   1.02263,  1.02469    0.000935339
787  0.977725, 0.975699    0.000906276
788   1.02193,  1.02392    0.000878081
789  0.978418, 0.976456    0.000850729
790   1.02124,  1.02317    0.000824196
791  0.979092, 0.977191    0.000798458
792   1.02058,  1.02245    0.000773492
793  0.979746, 0.977904    0.000749277
794   1.01993,  1.02175    0.000725791
795  0.980381, 0.978597    0.000703013
796   1.01931,  1.02106    0.000680922
797  0.980998,  0.97927    0.000659498
798    1.0187,   1.0204    0.000638723
799  0.981597, 0.979924    0.000618578
800   1.01811,  1.01976    0.000599043
801  0.982178, 0.980558    0.000580102
802   1.01754,  1.01913    0.000561738
803  0.982743, 0.981174    0.000543933
804   1.01698,  1.01852    0.000526671
805  0.983291, 0.981772    0.000509936
806   1.01644,  1.01794    0.000493713
807  0.983823, 0.982352    0.000477987
808   1.01592,  1.01736    0.000462743
809  0.984339, 0.982915    0.000447967
810   1.01541,  1.01681    0.000433645
811   0.98484, 0.983462    0.000419765
812   1.01492,  1.01627    0.000406312
813  0.985326, 0.983992    0.000393275
814   1.01444,  1.01575    0.000380641
815  0.985798, 0.984507    0.000368397
816   1.01397,  1.01524    0.000356533
817  0.986255, 0.985006    0.000345038
818   1.01352,  1.01475    0.000333899
819  0.986699,  0.98549    0.000323107
820   1.01308,  1.01427    0.000312651
821   0.98713,  0.98596    0.000302521
822   1.01266,  1.01381    0.000292708
823  0.987548, 0.986416    0.000283202
824   1.01225,  1.01336    0.000273993
825  0.987953, 0.986858    0.000265073
826   1.01185,  1.01293    0.000256433
827  0.988346, 0.987286    0.000248065
828   1.01146,   1.0125     0.00023996
829  0.988727, 0.987702    0.000232111
830   1.01109,  1.01209    0.000224509
831  0.989096, 0.988105    0.000217147
832   1.01072,   1.0117    0.000210019
833  0.989454, 0.988496    0.000203116
834   1.01037,  1.01131    0.000196432
835  0.989802, 0.988875    0.000189961
836   1.01003,  1.01094    0.000183695
837  0.990138, 0.989242    0.000177629
838    1.0097,  1.01058    0.000171756
839  0.990465, 0.989598     0.00016607
840   1.00938,  1.01023    0.000160567
841  0.990781, 0.989943    0.000155239
842   1.00906,  1.00989    0.000150082
843  0.991087, 0.990277    0.000145091
844   1.00876,  1.00956     0.00014026
845  0.991384, 0.990601    0.000135584
846   1.00847,  1.00924    0.000131059
847  0.991672, 0.990915     0.00012668
848   1.00819,  1.00893    0.000122442
849  0.991951, 0.991219    0.000118341
850   1.00791,  1.00863    0.000114373
851  0.992221, 0.991513    0.000110534
852   1.00765,  1.00834    0.000106819
853  0.992482, 0.991799    0.000103225
854   1.00739,  1.00806    9.97476e-05
855  0.992736, 0.992075    9.63836e-05
856   1.00714,  1.00779    9.31292e-05
857  0.992981, 0.992343    8.99812e-05
858    1.0069,  1.00753     8.6936e-05
859  0.993219, 0.992602    8.39905e-05
860   1.00667,  1.00727    8.11415e-05
861  0.993449, 0.992853     7.8386e-05
862   1.00644,  1.00702     7.5721e-05
863  0.993672, 0.993096    7.31436e-05
864   1.00622,  1.00678    7.06512e-05
865  0.993888, 0.993332    6.82409e-05
866   1.00601,  1.00655    6.59102e-05
867  0.994096,  0.99356    6.36565e-05
868    1.0058,  1.00633    6.14774e-05
869  0.994299,  0.99378    5.93705e-05
870    1.0056,  1.00611    5.73335e-05
871  0.994494, 0.993994    5.53641e-05
872   1.00541,   1.0059    5.34603e-05
873  0.994684,   0.9942    5.16198e-05
874   1.00522,   1.0057    4.98407e-05
875  0.994867,   0.9944    4.81209e-05
876   1.00504,   1.0055    4.64586e-05
877  0.995045, 0.994594     4.4852e-05
878   1.00487,  1.00531    4.32991e-05
879  0.995216, 0.994781    4.17983e-05
880    1.0047,  1.00513    4.03479e-05
881  0.995382, 0.994962    3.89463e-05
882   1.00454,  1.00495    3.75918e-05
883  0.995543, 0.995138     3.6283e-05
884   1.00438,  1.00478    3.50183e-05
885  0.995698, 0.995307    3.37964e-05
886   1.00423,  1.00461    3.26158e-05
887  0.995849, 0.995471    3.14751e-05
888   1.00408,  1.00445    3.03731e-05
889  0.995994,  0.99563    2.93085e-05
890   1.00393,  1.00429    2.82801e-05
891  0.996135, 0.995783    2.72867e-05
892    1.0038,  1.00414    2.63271e-05
893  0.996271, 0.995932    2.54002e-05
894   1.00366,    1.004     2.4505e-05
895  0.996402, 0.996075    2.36404e-05
896   1.00353,  1.00385    2.28053e-05
897  0.996529, 0.996214    2.19989e-05
898   1.00341,  1.00372    2.12201e-05
899  0.996652, 0.996348    2.04681e-05
900   1.00329,  1.00359    1.97419e-05
901  0.996771, 0.996478    1.90407e-05
902   1.00317,  1.00346    1.83637e-05
903  0.996886, 0.996603      1.771e-05
904   1.00306,  1.00334    1.70789e-05
905  0.996997, 0.996724    1.64697e-05
906   1.00295,  1.00322    1.58815e-05
907  0.997104, 0.996841    1.53137e-05
908   1.00284,   1.0031    1.47656e-05
909  0.997208, 0.996954    1.42366e-05
910   1.00274,  1.00299     1.3726e-05
911  0.997308, 0.997064    1.32331e-05
912   1.00264,  1.00288    1.27574e-05
913  0.997405, 0.997169    1.22984e-05
914   1.00255,  1.00278    1.18553e-05
915  0.997499, 0.997271    1.14278e-05
916   1.00246,  1.00268    1.10152e-05
917  0.997589,  0.99737    1.06172e-05
918   1.00237,  1.00258     1.0233e-05
919  0.997676, 0.997465    9.86241e-06
920   1.00228,  1.00249    9.50483e-06
921  0.997761, 0.997557    9.15984e-06
922    1.0022,   1.0024    8.82702e-06
923  0.997842, 0.997646    8.50595e-06
924   1.00212,  1.00231    8.19622e-06
925  0.997921, 0.997732    7.89746e-06
926   1.00204,  1.00223    7.60928e-06
927  0.997997, 0.997814    7.33131e-06
928   1.00197,  1.00215    7.06322e-06
929   0.99807, 0.997894    6.80466e-06
930   1.00189,  1.00207    6.55529e-06
931  0.998141, 0.997972    6.31481e-06
932   1.00182,  1.00199    6.08291e-06
933  0.998209, 0.998046    5.85928e-06
934   1.00176,  1.00192    5.64365e-06
935  0.998275, 0.998118    5.43574e-06
936   1.00169,  1.00185    5.23527e-06
937  0.998339, 0.998187    5.04199e-06
938   1.00163,  1.00178    4.85565e-06
939    0.9984, 0.998254    4.67601e-06
940   1.00157,  1.00171    4.50284e-06
941  0.998459, 0.998319     4.3359e-06
942   1.00151,  1.00165    4.17498e-06
943  0.998516, 0.998382    4.01988e-06
944   1.00146,  1.00159    3.87037e-06
945  0.998572, 0.998442    3.72628e-06
946    1.0014,  1.00153    3.58741e-06
947  0.998625,   0.9985    3.45357e-06
948   1.00135,  1.00147     3.3246e-06
949  0.998676, 0.998556    3.20031e-06
950    1.0013,  1.00142    3.08054e-06
951  0.998726,  0.99861    2.96513e-06
952   1.00125,  1.00136    2.85394e-06
953  0.998774, 0.998662     2.7468e-06
954    1.0012,  1.00131    2.64358e-06
955   0.99882, 0.998712    2.54413e-06
956   1.00116,  1.00126    2.44833e-06
957  0.998864, 0.998761    2.35603e-06
958   1.00111,  1.00122    2.26713e-06
959  0.998907, 0.998808    2.18149e-06
960   1.00107,  1.00117      2.099e-06
961  0.998948, 0.998853    2.01955e-06
962   1.00103,  1.00113    1.94303e-06
963  0.998988, 0.998896    1.86934e-06
964   1.00099,  1.00108    1.79836e-06
965  0.999027, 0.998938    1.73001e-06
966   1.00095,  1.00104    1.66419e-06
967  0.999064, 0.998979    1.60081e-06
968   1.00092,    1.001    1.53978e-06
969    0.9991, 0.999018    1.48102e-06
970   1.00088,  1.00096    1.42445e-06
971  0.999134, 0.999055    1.36997e-06
972   1.00085,  1.00093    1.31753e-06
973  0.999167, 0.999091    1.26705e-06
974   1.00082,  1.00089    1.21845e-06
975  0.999199, 0.999126    1.17167e-06
976   1.00079,  1.00086    1.12663e-06
977   0.99923,  0.99916    1.08329e-06
978   1.00076,  1.00082    1.04157e-06
979   0.99926, 0.999192    1.00142e-06
980   1.00073,  1.00079    9.62773e-07
981  0.999288, 0.999223    9.25583e-07
982    1.0007,  1.00076    8.89793e-07
983  0.999316, 0.999253    8.55353e-07
984   1.00067,  1.00073    8.22212e-07
985  0.999342, 0.999282    7.90324e-07
986   1.00064,   1.0007    7.59641e-07
987  0.999368,  0.99931    7.30121e-07
988   1.00062,  1.00068    7.01719e-07
989  0.999392, 0.999337    6.74395e-07
990    1.0006,  1.00065    6.48108e-07
991  0.999416, 0.999363    6.22821e-07
992   1.00057,  1.00062    5.98497e-07
993  0.999439, 0.999388    5.75099e-07
994   1.00055,   1.0006    5.52594e-07
995  0.999461, 0.999412    5.30947e-07
996   1.00053,  1.00058    5.10129e-07
997  0.999482, 0.999435    4.90106e-07
998   1.00051,  1.00055    4.70851e-07
999  0.999502, 0.999457    4.52333e-07
1000   1.00049,  1.00053    4.34527e-07
1001  0.999522, 0.999478    4.17404e-07
1002   1.00047,  1.00051    4.00941e-07
1003  0.999541, 0.999499     3.8511e-07
