eps = 0.1
 i          x1          x2          f1          f2           a           b         b-a        отн.
 1     3.19313     6.40343      7.8785    0.162759          -2     11.5966     13.5966     1.61806
 2     6.40343     8.38627    0.162759     5.69427     3.19313     11.5966     8.40343     1.61798
 3     5.17597     6.40343    0.679033    0.162759     3.19313     8.38627     5.19313     1.61818
 4     6.40343      7.1588    0.162759     1.34281     5.17597     8.38627      3.2103     1.61765
 5     5.93133     6.40343   0.0047155    0.162759     5.17597      7.1588     1.98283     1.61905
 6     5.64807     5.93133    0.123856   0.0047155     5.17597     6.40343     1.22747     1.61538
 7     5.93133     6.12017   0.0047155   0.0144412     5.64807     6.40343    0.755365       1.625
 8     5.83691     5.93133   0.0265984   0.0047155     5.64807     6.12017    0.472103         1.6
 9     5.93133     6.02575   0.0047155 0.000663118     5.83691     6.12017    0.283262     1.66667
10     6.02575     6.02575 0.000663118 0.000663118     5.93133     6.12017    0.188841         1.5
Result: 5.97854077253	Iter: 10	Error: 0.0214592274678
eps = 0.01
 i          x1          x2          f1          f2           a           b         b-a        отн.
 1      3.1935     6.40325     7.87645    0.162611          -2     11.5967     13.5967     1.61803
 2     6.40325       8.387    0.162611     5.69775      3.1935     11.5967     8.40325     1.61803
 3     5.17724     6.40325    0.676926    0.162611      3.1935       8.387      5.1935     1.61803
 4     6.40325     7.16099    0.162611      1.3479     5.17724       8.387     3.20975     1.61804
 5     5.93498     6.40325  0.00422701    0.162611     5.17724     7.16099     1.98375     1.61803
 6     5.64551     5.93498    0.125663  0.00422701     5.17724     6.40325     1.22601     1.61806
 7     5.93498     6.11378  0.00422701   0.0129452     5.64551     6.40325     0.75774     1.61798
 8      5.8243     5.93498   0.0308693  0.00422701     5.64551     6.11378    0.468266     1.61818
 9     5.93498      6.0031  0.00422701 9.58506e-06      5.8243     6.11378    0.289474     1.61765
10      6.0031     6.04567 9.58506e-06  0.00208535     5.93498     6.11378    0.178793     1.61905
11     5.97755      6.0031 0.000503815 9.58506e-06     5.93498     6.04567    0.110681     1.61538
12      6.0031     6.02012 9.58506e-06 0.000404969     5.97755     6.04567   0.0681115       1.625
13     5.99458      6.0031 2.93543e-05 9.58506e-06     5.97755     6.02012   0.0425697         1.6
14      6.0031     6.01161 9.58506e-06  0.00013479     5.99458     6.02012   0.0255418     1.66667
15      6.0031      6.0031 9.58506e-06 9.58506e-06     5.99458     6.01161   0.0170279         1.5
Result: 5.99883900929	Iter: 15	Error: 0.00116099071208
eps = 0.001
 i          x1          x2          f1          f2           a           b         b-a        отн.
 1      3.1935     6.40325     7.87647    0.162612          -2     11.5967     13.5967     1.61803
 2     6.40325     8.38699    0.162612     5.69773      3.1935     11.5967     8.40325     1.61803
 3     5.17723     6.40325    0.676944    0.162612      3.1935     8.38699      5.1935     1.61803
 4     6.40325     7.16097    0.162612     1.34786     5.17723     8.38699     3.20976     1.61803
 5     5.93495     6.40325  0.00423088    0.162612     5.17723     7.16097     1.98374     1.61803
 6     5.64553     5.93495    0.125648  0.00423088     5.17723     6.40325     1.22602     1.61803
 7     5.93495     6.11383  0.00423088   0.0129571     5.64553     6.40325    0.757721     1.61803
 8     5.82441     5.93495   0.0308333  0.00423088     5.64553     6.11383    0.468297     1.61803
 9     5.93495     6.00328  0.00423088 1.07596e-05     5.82441     6.11383    0.289423     1.61804
10     6.00328      6.0455 1.07596e-05  0.00207059     5.93495     6.11383    0.178874     1.61803
11     5.97718     6.00328 0.000520828 1.07596e-05     5.93495      6.0455    0.110549     1.61806
12     6.00328      6.0194 1.07596e-05 0.000376433     5.97718      6.0455   0.0683254     1.61798
13      5.9933     6.00328 4.48891e-05 1.07596e-05     5.97718      6.0194   0.0422235     1.61818
14     6.00328     6.00942 1.07596e-05   8.877e-05      5.9933      6.0194   0.0261018     1.61765
15     5.99944     6.00328  3.1173e-07 1.07596e-05      5.9933     6.00942   0.0161217     1.61905
16     5.99714     5.99944 8.18778e-06  3.1173e-07      5.9933     6.00328  0.00998011     1.61538
17     5.99944     6.00098  3.1173e-07 9.54673e-07     5.99714     6.00328  0.00614161       1.625
18     5.99867     5.99944 1.75835e-06  3.1173e-07     5.99714     6.00098   0.0038385         1.6
19     5.99944     6.00021  3.1173e-07  4.3837e-08     5.99867     6.00098   0.0023031     1.66667
20     6.00021     6.00021  4.3837e-08  4.3837e-08     5.99944     6.00098   0.0015354         1.5
Result: 5.99982552256	Iter: 20	Error: 0.000174477440067
eps = 0.0001
 i          x1          x2          f1          f2           a           b         b-a        отн.
 1      3.1935     6.40325     7.87647    0.162612          -2     11.5967     13.5967     1.61803
 2     6.40325     8.38699    0.162612     5.69773      3.1935     11.5967     8.40325     1.61803
 3     5.17723     6.40325    0.676943    0.162612      3.1935     8.38699      5.1935     1.61803
 4     6.40325     7.16097    0.162612     1.34786     5.17723     8.38699     3.20976     1.61803
 5     5.93496     6.40325  0.00423085    0.162612     5.17723     7.16097     1.98374     1.61803
 6     5.64553     5.93496    0.125648  0.00423085     5.17723     6.40325     1.22602     1.61803
 7     5.93496     6.11383  0.00423085    0.012957     5.64553     6.40325    0.757721     1.61803
 8     5.82441     5.93496   0.0308336  0.00423085     5.64553     6.11383    0.468297     1.61803
 9     5.93496     6.00328  0.00423085 1.07497e-05     5.82441     6.11383    0.289424     1.61803
10     6.00328     6.04551 1.07497e-05  0.00207071     5.93496     6.11383    0.178874     1.61803
11     5.97718     6.00328 0.000520688 1.07497e-05     5.93496     6.04551     0.11055     1.61803
12     6.00328     6.01941 1.07497e-05 0.000376661     5.97718     6.04551   0.0683236     1.61803
13     5.99331     6.00328 4.47495e-05 1.07497e-05     5.97718     6.01941   0.0422264     1.61803
14     6.00328     6.00944 1.07497e-05 8.91055e-05     5.99331     6.01941   0.0260973     1.61804
15     5.99947     6.00328 2.79435e-07 1.07497e-05     5.99331     6.00944   0.0161291     1.61803
16     5.99712     5.99947 8.30717e-06 2.79435e-07     5.99331     6.00328  0.00996819     1.61806
17     5.99947     6.00093 2.79435e-07  8.5577e-07     5.99712     6.00328  0.00616089     1.61798
18     5.99857     5.99947 2.04068e-06 2.79435e-07     5.99712     6.00093  0.00380729     1.61818
19     5.99947     6.00003 2.79435e-07 6.33639e-10     5.99857     6.00093   0.0023536     1.61765
20     6.00003     6.00037 6.33639e-10 1.37856e-07     5.99947     6.00093  0.00145369     1.61905
21     5.99982     6.00003 3.33057e-08 6.33639e-10     5.99947     6.00037 0.000899906     1.61538
22     6.00003     6.00016 6.33639e-10 2.67713e-08     5.99982     6.00037 0.000553788       1.625
23     5.99996     6.00003 1.94052e-09 6.33639e-10     5.99982     6.00016 0.000346118         1.6
24     6.00003     6.00009 6.33639e-10 8.91055e-09     5.99996     6.00016 0.000207671     1.66667
25     6.00003     6.00003 6.33639e-10 6.33639e-10     5.99996     6.00009 0.000138447         1.5
Result: 5.99999056043	Iter: 25	Error: 9.43957257782e-06
eps = 1e-05
 i          x1          x2          f1          f2           a           b         b-a        отн.
 1      3.1935     6.40325     7.87647    0.162612          -2     11.5967     13.5967     1.61803
 2     6.40325     8.38699    0.162612     5.69773      3.1935     11.5967     8.40325     1.61803
 3     5.17723     6.40325    0.676943    0.162612      3.1935     8.38699      5.1935     1.61803
 4     6.40325     7.16097    0.162612     1.34786     5.17723     8.38699     3.20976     1.61803
 5     5.93496     6.40325  0.00423085    0.162612     5.17723     7.16097     1.98374     1.61803
 6     5.64553     5.93496    0.125648  0.00423085     5.17723     6.40325     1.22602     1.61803
 7     5.93496     6.11383  0.00423085    0.012957     5.64553     6.40325    0.757721     1.61803
 8     5.82441     5.93496   0.0308336  0.00423085     5.64553     6.11383    0.468297     1.61803
 9     5.93496     6.00328  0.00423085 1.07498e-05     5.82441     6.11383    0.289424     1.61803
10     6.00328     6.04551 1.07498e-05  0.00207071     5.93496     6.11383    0.178874     1.61803
11     5.97718     6.00328 0.000520689 1.07498e-05     5.93496     6.04551     0.11055     1.61803
12     6.00328     6.01941 1.07498e-05 0.000376659     5.97718     6.04551   0.0683236     1.61803
13     5.99331     6.00328 4.47507e-05 1.07498e-05     5.97718     6.01941   0.0422263     1.61803
14     6.00328     6.00944 1.07498e-05 8.91028e-05     5.99331     6.01941   0.0260973     1.61803
15     5.99947     6.00328  2.7969e-07 1.07498e-05     5.99331     6.00944    0.016129     1.61803
16     5.99712     5.99947  8.3062e-06  2.7969e-07     5.99331     6.00328  0.00996829     1.61803
17     5.99947     6.00093  2.7969e-07 8.56552e-07     5.99712     6.00328  0.00616074     1.61803
18     5.99857     5.99947 2.03829e-06  2.7969e-07     5.99712     6.00093  0.00380755     1.61803
19     5.99947     6.00003  2.7969e-07 7.11281e-10     5.99857     6.00093  0.00235319     1.61804
20     6.00003     6.00037 7.11281e-10  1.3688e-07     5.99947     6.00093  0.00145436     1.61803
21     5.99981     6.00003 3.44303e-08 7.11281e-10     5.99947     6.00037 0.000898831     1.61806
22     6.00003     6.00016 7.11281e-10 2.48849e-08     5.99981     6.00037 0.000555527     1.61798
23     5.99995     6.00003 2.96748e-09 7.11281e-10     5.99981     6.00016 0.000343304     1.61818
24     6.00003     6.00008 7.11281e-10 5.86831e-09     5.99995     6.00016 0.000212224     1.61765
25           6     6.00003 2.06075e-11 7.11281e-10     5.99995     6.00008  0.00013108     1.61905
26     5.99998           6 5.41269e-10 2.06075e-11     5.99995     6.00003 8.11445e-05     1.61538
27           6     6.00001 2.06075e-11 6.31105e-11     5.99998     6.00003 4.99351e-05       1.625
28     5.99999           6 1.16239e-10 2.06075e-11     5.99998     6.00001 3.12094e-05         1.6
29           6           6 2.06075e-11 2.89793e-12     5.99999     6.00001 1.87256e-05     1.66667
30           6           6 2.89793e-12 2.89793e-12           6     6.00001 1.24838e-05         1.5
Result: 5.99999858139	Iter: 30	Error: 1.41860954805e-06
eps = 1e-06
 i          x1          x2          f1          f2           a           b         b-a        отн.
 1      3.1935     6.40325     7.87647    0.162612          -2     11.5967     13.5967     1.61803
 2     6.40325     8.38699    0.162612     5.69773      3.1935     11.5967     8.40325     1.61803
 3     5.17723     6.40325    0.676943    0.162612      3.1935     8.38699      5.1935     1.61803
 4     6.40325     7.16097    0.162612     1.34786     5.17723     8.38699     3.20976     1.61803
 5     5.93496     6.40325  0.00423085    0.162612     5.17723     7.16097     1.98374     1.61803
 6     5.64553     5.93496    0.125648  0.00423085     5.17723     6.40325     1.22602     1.61803
 7     5.93496     6.11383  0.00423085    0.012957     5.64553     6.40325    0.757721     1.61803
 8     5.82441     5.93496   0.0308336  0.00423085     5.64553     6.11383    0.468297     1.61803
 9     5.93496     6.00328  0.00423085 1.07498e-05     5.82441     6.11383    0.289424     1.61803
10     6.00328     6.04551 1.07498e-05  0.00207071     5.93496     6.11383    0.178874     1.61803
11     5.97718     6.00328 0.000520689 1.07498e-05     5.93496     6.04551     0.11055     1.61803
12     6.00328     6.01941 1.07498e-05 0.000376659     5.97718     6.04551   0.0683236     1.61803
13     5.99331     6.00328 4.47507e-05 1.07498e-05     5.97718     6.01941   0.0422263     1.61803
14     6.00328     6.00944 1.07498e-05 8.91028e-05     5.99331     6.01941   0.0260973     1.61803
15     5.99947     6.00328 2.79688e-07 1.07498e-05     5.99331     6.00944    0.016129     1.61803
16     5.99712     5.99947  8.3062e-06 2.79688e-07     5.99331     6.00328  0.00996828     1.61803
17     5.99947     6.00093 2.79688e-07 8.56546e-07     5.99712     6.00328  0.00616074     1.61803
18     5.99857     5.99947 2.03831e-06 2.79688e-07     5.99712     6.00093  0.00380755     1.61803
19     5.99947     6.00003 2.79688e-07 7.10651e-10     5.99857     6.00093  0.00235319     1.61803
20     6.00003     6.00037 7.10651e-10 1.36888e-07     5.99947     6.00093  0.00145435     1.61803
21     5.99981     6.00003 3.44214e-08 7.10651e-10     5.99947     6.00037 0.000898839     1.61803
22     6.00003     6.00016 7.10651e-10 2.48995e-08     5.99981     6.00037 0.000555514     1.61803
23     5.99995     6.00003 2.95853e-09 7.10651e-10     5.99981     6.00016 0.000343326     1.61804
24     6.00003     6.00008 7.10651e-10 5.88985e-09     5.99995     6.00016 0.000212188     1.61803
25           6     6.00003 1.85332e-11 7.10651e-10     5.99995     6.00008 0.000131138     1.61806
26     5.99998           6 5.48931e-10 1.85332e-11     5.99995     6.00003 8.10504e-05     1.61798
27           6     6.00001 1.85332e-11  5.6758e-11     5.99998     6.00003 5.00873e-05     1.61818
28     5.99999           6 1.34339e-10 1.85332e-11     5.99998     6.00001 3.09631e-05     1.61765
29           6           6 1.85332e-11 6.16861e-14     5.99999     6.00001 1.91242e-05     1.61905
30           6           6 6.16861e-14 8.88279e-12           6     6.00001 1.18388e-05     1.61538
31           6           6  2.4743e-12 6.16861e-14           6           6 7.28543e-06       1.625
32           6           6 6.16861e-14 1.34339e-12           6           6 4.55339e-06         1.6
33           6           6 4.38657e-13 6.16861e-14           6           6 2.73203e-06     1.66667
34           6           6 6.16861e-14 6.16861e-14           6           6 1.82136e-06         1.5
Result: 5.99999979303	Iter: 34	Error: 2.06972343264e-07
eps = 1e-07
 i          x1          x2          f1          f2           a           b         b-a        отн.
 1      3.1935     6.40325     7.87647    0.162612          -2     11.5967     13.5967     1.61803
 2     6.40325     8.38699    0.162612     5.69773      3.1935     11.5967     8.40325     1.61803
 3     5.17723     6.40325    0.676943    0.162612      3.1935     8.38699      5.1935     1.61803
 4     6.40325     7.16097    0.162612     1.34786     5.17723     8.38699     3.20976     1.61803
 5     5.93496     6.40325  0.00423085    0.162612     5.17723     7.16097     1.98374     1.61803
 6     5.64553     5.93496    0.125648  0.00423085     5.17723     6.40325     1.22602     1.61803
 7     5.93496     6.11383  0.00423085    0.012957     5.64553     6.40325    0.757721     1.61803
 8     5.82441     5.93496   0.0308336  0.00423085     5.64553     6.11383    0.468297     1.61803
 9     5.93496     6.00328  0.00423085 1.07498e-05     5.82441     6.11383    0.289424     1.61803
10     6.00328     6.04551 1.07498e-05  0.00207071     5.93496     6.11383    0.178874     1.61803
11     5.97718     6.00328 0.000520689 1.07498e-05     5.93496     6.04551     0.11055     1.61803
12     6.00328     6.01941 1.07498e-05 0.000376659     5.97718     6.04551   0.0683236     1.61803
13     5.99331     6.00328 4.47507e-05 1.07498e-05     5.97718     6.01941   0.0422263     1.61803
14     6.00328     6.00944 1.07498e-05 8.91028e-05     5.99331     6.01941   0.0260973     1.61803
15     5.99947     6.00328 2.79688e-07 1.07498e-05     5.99331     6.00944    0.016129     1.61803
16     5.99712     5.99947  8.3062e-06 2.79688e-07     5.99331     6.00328  0.00996828     1.61803
17     5.99947     6.00093 2.79688e-07 8.56546e-07     5.99712     6.00328  0.00616074     1.61803
18     5.99857     5.99947 2.03831e-06 2.79688e-07     5.99712     6.00093  0.00380755     1.61803
19     5.99947     6.00003 2.79688e-07 7.10637e-10     5.99857     6.00093  0.00235319     1.61803
20     6.00003     6.00037 7.10637e-10 1.36888e-07     5.99947     6.00093  0.00145435     1.61803
21     5.99981     6.00003 3.44212e-08 7.10637e-10     5.99947     6.00037  0.00089884     1.61803
22     6.00003     6.00016 7.10637e-10 2.48998e-08     5.99981     6.00037 0.000555513     1.61803
23     5.99995     6.00003 2.95833e-09 7.10637e-10     5.99981     6.00016 0.000343326     1.61803
24     6.00003     6.00008 7.10637e-10 5.89032e-09     5.99995     6.00016 0.000212187     1.61803
25           6     6.00003  1.8489e-11 7.10637e-10     5.99995     6.00008 0.000131139     1.61803
26     5.99998           6 5.49099e-10  1.8489e-11     5.99995     6.00003 8.10483e-05     1.61803
27           6     6.00001  1.8489e-11 5.66225e-11     5.99998     6.00003 5.00906e-05     1.61803
28     5.99999           6  1.3475e-10  1.8489e-11     5.99998     6.00001 3.09577e-05     1.61804
29           6           6  1.8489e-11 4.68667e-14     5.99999     6.00001  1.9133e-05     1.61803
30           6           6 4.68667e-14 9.05062e-12           6     6.00001 1.18247e-05     1.61806
31           6           6  2.2739e-12 4.68667e-14           6           6 7.30831e-06     1.61798
32           6           6 4.68667e-14 1.64864e-12           6           6 4.51637e-06     1.61818
33           6           6 1.93987e-13 4.68667e-14           6           6 2.79194e-06     1.61765
34           6           6 4.68667e-14 3.93212e-13           6           6 1.72443e-06     1.61905
35           6           6 8.91637e-16 4.68667e-14           6           6 1.06751e-06     1.61538
36           6           6 3.76717e-14 8.91637e-16           6           6 6.56926e-07       1.625
37           6           6 8.91637e-16 2.73064e-15           6           6 4.10579e-07         1.6
38           6           6 1.25386e-14 8.91637e-16           6           6 2.46347e-07     1.66667
39           6           6 8.91637e-16 8.91637e-16           6           6 1.64232e-07         1.5
Result: 5.99999992908	Iter: 39	Error: 7.09182010894e-08
