eps = 1
 i           x          fx
 1        4.99      1.0201
: [2.99; 6.99]
eps = 0.1
 i           x          fx
 1        5.89      0.0121
: [5.69; 6.09]
eps = 0.01
 i           x          fx
 1           6           0
: [5.98; 6.02]
eps = 0.001
 i           x          fx
 1       5.991     8.1e-05
 2       5.993     4.9e-05
 3       5.997       9e-06
: [5.989; 6.005]
eps = 0.0001
 i           x          fx
 1      5.9901   9.801e-05
 2      5.9903   9.409e-05
 3      5.9907   8.649e-05
 4      5.9915   7.225e-05
 5      5.9931   4.761e-05
 6      5.9963   1.369e-05
 7      6.0027    7.29e-06
: [5.9899; 6.0155]
eps = 1e-05
 i           x          fx
 1     5.99001 9.98001e-05
 2     5.99003 9.94009e-05
 3     5.99007 9.86049e-05
 4     5.99015 9.70225e-05
 5     5.99031 9.38961e-05
 6     5.99063 8.77969e-05
 7     5.99127 7.62129e-05
 8     5.99255 5.55025e-05
 9     5.99511 2.39121e-05
10     6.00023    5.29e-08
: [5.98999; 6.01047]
eps = 1e-06
 i           x          fx
 1        5.99   9.998e-05
 2        5.99   9.994e-05
 3     5.99001   9.986e-05
 4     5.99002 9.97002e-05
 5     5.99003  9.9381e-05
 6     5.99006  9.8744e-05
 7     5.99013 9.74761e-05
 8     5.99026  9.4965e-05
 9     5.99051 9.00411e-05
10     5.99102 8.05865e-05
11     5.99205 6.32502e-05
12      5.9941  3.4869e-05
13     5.99819 3.27248e-06
: [5.99; 6.00638]
eps = 1e-07
 i           x          fx
 1        5.99  9.9998e-05
 2        5.99  9.9994e-05
 3        5.99  9.9986e-05
 4        5.99   9.997e-05
 5        5.99  9.9938e-05
 6     5.99001  9.9874e-05
 7     5.99001 9.97462e-05
 8     5.99003 9.94907e-05
 9     5.99005 9.89806e-05
10      5.9901 9.79645e-05
11      5.9902 9.59479e-05
12     5.99041 9.19777e-05
13     5.99082 8.42889e-05
14     5.99164  6.9918e-05
15     5.99328 4.52028e-05
16     5.99655 1.18784e-05
17     6.00311 9.65407e-06
: [5.99; 6.01621]
